1 2 3 7 8 12 13 14 15 16 17 20 24 28 30 31 32 33 36 38 44 45 52 57 59 60 62 65 70 79 82 87 90 96 99 101 102 103 106 110 116 117 118 120 122 124 126 127 129 131 134 135 138 140 142 143 145 147 148 151 152 153 155 157 159 160 162 163 166 168 170 171 176 179 181 182 185 188 189 190 191 195 197
2 3 4 5 7 8 9 10 11 13 16 17 19 21 22 24 25 26 27 28 29 31 33 34 35 36 37 38 39 40 41 42 43 44 45 46 47 48 50 51 52 53 54 55 56 57 58 59 61 63 64 65 67 68 69 70 71 72 73 74 75 76 77 78 79 81 82 83 84 85 86 87 88 89 90 92 93 94 95 96 97 98 100 101 102 104 108 109 110 111 113 115 116 117 119 120 121 122 124 125 126 127 128 130 131 132 133 135 136 137 138 139 140 141 142 143 144 146 148 149 151 152 155 156 158 160 161 162 164 166 167 168 169 170 171 173 174 175 176 177 178 180 181 183 184 185 186 187 188 190 192 193 194 195 196 197 199 200
1 2 3 4 5 6 7 10 11 12 13 14 15 16 17 18 19 20 22 24 26 27 31 34 35 36 37 38 39 40 42 44 45 46 47 49 51 52 55 56 57 58 59 60 61 62 64 65 66 67 69 70 71 72 73 77 78 79 82 83 84 85 86 87 88 90 91 93 94 97 98 99 100 101 102 103 104 105 106 107 109 110 111 112 113 114 115 117 118 121 122 123 125 126 127 128 129 131 132 133 134 135 136 137 138 139 140 141 142 144 145 148 151 152 153 155 156 157 158 159 160 161 162 163 164 165 166 167 168 169 171 173 174 176 177 178 181 184 185 186 189 192 193 194 196 197 198 199
2 4 6 8 9 11 14 17 18 21 27 29 32 33 34 35 38 39 40 42 47 48 49 57 59 60 62 63 64 65 67 69 71 72 73 76 78 80 88 90 91 92 93 96 102 104 106 108 109 110 112 113 114 115 117 118 119 120 121 127 129 133 135 136 137 141 145 146 147 149 153 154 155 158 163 164 166 167 170 172 173 174 178 179 183 185 192 193 197 199 200
1 2 3 5 7 8 11 18 21 22 24 25 26 27 28 29 30 31 36 38 39 41 42 43 45 46 47 48 51 52 53 60 61 62 63 64 65 68 70 73 74 77 78 79 80 81 82 83 84 89 90 91 92 93 95 100 103 104 105 108 110 111 112 113 114 115 116 117 118 119 120 122 123 125 127 128 130 134 135 137 140 143 145 147 149 151 152 153 154 156 157 158 159 160 165 166 167 168 169 170 171 172 173 175 176 177 178 180 181 184 185 187 188 189 191 193 194 198 200
1 2 131 3 6 10 17 147 20 22 151 156 158 30 160 32 35 164 37 167 42 171 174 47 48 46 51 180 53 54 179 56 184 186 188 61 191 196 69 70 197 200 79 93 94 98 102 104 117 119 120 121 122 125
135 7 8 138 11 141 144 16 20 151 28 159 31 33 163 166 40 48 49 176 51 179 182 54 184 57 59 198 74 75 79 83 87 90 107 118 119 124
128 130 2 5 6 135 138 10 140 13 142 11 17 146 19 147 150 23 24 152 27 155 158 30 31 161 34 35 164 36 37 39 40 33 170 38 172 32 174 48 51 182 183 184 54 58 59 188 192 69 198 76 77 80 86 88 89 90 91 92 96 97 106 107 108 109 110 112 124 127
129 132 138 147 19 28 159 160 34 170 173 46 174 51 182 185 61 191 192 198 81 104 117
1 2 3 5 9 12 13 14 19 21 23 25 27 28 29 30 34 36 39 40 43 44 45 48 49 50 59 60 62 66 67 69 72 76 77 80 81 83 87 89 91 95 98 99 101 105 106 107 108 109 110 112 118 119 121 124 128 129 133 135 140 142 145 146 147 150 152 156 158 159 166 169 170 171 179 186 192 194 196 197 200
129 130 131 132 7 9 11 140 12 142 14 144 15 19 147 24 156 159 33 37 166 41 42 173 174 48 49 50 52 183 184 57 185 59 60 189 194 66 68 72 75 78 79 83 86 96 100 101 103 111 112 115 117 120 126
129 66 65 68 3 173 13 114 83 54 185 95 191
1 2 3 5 6 8 9 11 13 14 17 19 20 24 26 27 28 30 31 32 35 37 38 40 42 43 44 45 46 47 48 50 53 55 56 58 61 62 63 66 70 71 73 75 76 82 83 84 85 89 90 94 99 100 101 106 108 109 111 112 113 114 117 120 121 122 123 124 125 128 130 135 136 137 138 140 143 144 145 147 149 150 151 155 157 159 160 161 163 167 168 169 175 176 177 178 179 180 181 182 183 184 186 188 190 195 198
1 2 3 4 5 6 7 8 9 10 11 12 13 14 15 16 17 18 19 20 21 22 23 24 25 26 27 28 29 30 31 32 33 34 35 36 37 38 39 40 41 42 43 44 45 46 47 48 49 50 51 52 53 54 55 56 57 58 59 60 61 62 63 64 65 66 67 68 69 70 71 72 73 74 75 76 77 78 79 80 81 82 83 84 85 86 87 88 89 90 91 92 93 94 95 96 97 98 99 100 102 103 104 105 106 107 108 109 110 111 112 113 114 115 116 117 118 119 120 121 122 123 124 125 126 127 128 129 130 131 132 133 134 135 136 137 138 139 140 141 142 143 144 145 146 147 148 149 150 151 152 153 154 155 156 157 158 159 160 161 162 163 164 165 166 167 168 169 170 171 172 173 174 175 176 177 178 179 180 181 182 183 184 185 186 187 188 189 190 191 192 193 194 195 196 197 198 199 200
2 4 5 8 10 13 14 15 16 18 21 22 26 27 32 33 34 36 37 38 39 42 44 45 48 49 54 55 56 58 60 63 64 67 68 69 70 74 77 80 83 86 87 88 93 94 101 102 104 105 107 108 109 111 116 117 119 124 125 126 133 135 136 137 139 140 141 142 143 145 146 147 148 149 151 156 157 158 160 162 163 167 173 176 180 181 183 192 196 200
1 2 132 5 133 8 138 141 142 13 143 145 22 151 24 26 154 156 157 158 29 160 166 38 169 42 174 47 181 56 185 190 192 66 68 198 199 72 76 77 84 85 87 88 90 91 100 105 107 108 110 111 118 120 126
1 2 3 6 7 9 10 13 19 21 22 27 28 29 31 33 35 36 39 44 45 47 48 49 51 52 53 55 58 59 60 61 62 64 68 69 70 71 72 74 75 80 81 82 83 84 87 88 89 91 93 97 98 100 101 102 103 104 105 106 107 108 109 111 112 116 117 118 123 124 128 130 131 134 136 137 138 139 141 146 149 151 152 156 159 162 165 167 169 172 175 176 177 178 179 184 186 190 194 195 199 200
1 2 8 9 13 20 22 24 25 26 27 31 35 36 38 39 41 44 47 48 49 51 56 58 59 60 61 63 65 66 68 69 70 71 73 74 76 77 78 80 81 83 87 88 89 94 95 97 99 103 105 107 108 109 111 112 114 116 117 123 125 127 129 130 132 134 135 136 137 140 142 143 147 148 149 153 156 157 159 160 161 162 163 168 172 174 178 179 180 185 186 189 191 194 196 198 200
1 3 6 7 14 18 19 21 23 25 31 36 38 40 43 47 50 52 55 56 57 58 61 63 64 69 71 72 74 79 80 83 85 88 92 94 98 105 107 108 112 115 117 118 120 122 123 124 129 130 134 135 140 143 144 146 147 150 155 160 161 162 163 166 169 172 173 174 176 179 187 188 189 194 196 197 198
2 3 4 5 6 7 10 11 12 13 14 16 17 20 23 24 27 29 30 31 32 34 37 38 39 43 44 45 48 49 50 51 52 54 55 56 57 60 61 62 63 64 65 66 67 68 69 71 74 77 81 83 86 87 88 89 90 92 94 95 96 97 98 99 101 103 104 105 106 107 108 110 114 115 116 117 118 119 120 122 125 126 127 128 129 134 136 137 138 139 140 142 143 147 150 151 152 153 155 156 157 159 161 162 163 164 165 169 170 172 173 174 175 177 179 180 181 182 183 184 186 188 189 190 191 193 194 195 196 197 198 199 200
2 4 6 9 13 16 17 18 19 21 23 24 25 31 32 34 37 39 41 43 46 48 53 54 61 62 63 65 66 69 74 75 76 79 80 82 86 87 88 89 90 92 93 98 99 103 109 113 115 117 118 123 126 127 128 130 132 136 137 142 145 148 150 152 157 158 161 162 165 168 174 177 181 186 189 191 194 195 196 198 200
1 2 3 5 6 7 8 9 10 11 12 13 14 16 17 18 19 20 21 22 23 27 29 30 31 32 33 34 35 36 37 38 39 40 41 42 43 44 45 47 48 49 50 51 52 53 54 55 56 57 58 59 60 61 62 63 64 65 66 67 68 69 70 71 72 73 74 75 76 77 78 79 80 81 82 83 84 85 86 87 88 89 90 91 92 93 94 95 97 98 99 100 101 102 103 104 105 106 107 109 110 111 112 113 116 117 118 119 120 121 122 123 124 125 126 127 128 130 132 133 134 135 136 137 138 139 140 141 142 143 145 146 147 148 149 150 151 152 153 154 155 156 157 158 159 160 161 163 164 165 166 167 168 169 170 171 172 173 174 175 176 177 181 182 183 184 185 186 187 188 189 190 192 193 194 195 196 197 198 199 200
1 2 4 5 6 7 8 10 11 12 13 14 15 16 17 18 19 20 21 22 23 24 25 26 27 28 29 30 31 32 33 34 35 36 37 38 39 40 41 42 44 45 46 47 48 49 50 51 52 53 54 55 56 57 59 60 61 62 63 64 65 66 67 68 69 70 71 72 73 75 76 77 78 79 80 81 82 83 84 85 86 87 88 89 90 91 92 93 94 95 96 97 98 99 100 101 102 104 105 106 107 108 109 110 111 112 113 114 115 116 117 118 119 120 121 123 124 125 126 127 128 129 130 131 132 133 134 135 136 137 138 139 140 141 142 143 144 145 147 148 149 151 152 153 154 155 156 158 159 160 161 162 163 164 165 166 167 168 169 170 171 172 173 174 175 176 177 178 179 180 181 182 183 184 185 186 187 188 189 190 191 192 193 194 195 196 197 198 199 200
161 1 33 6 172 18 52 24 186 156
3 131 9 138 15 144 22 25 27 157 30 159 38 42 172 173 45 175 48 49 53 182 183 185 58 187 57 61 190 64 195 71 72 78 89 91 92 100 102 104 105 106 111 112 122 125 126 127
2 3 7 8 9 12 16 18 20 21 24 25 29 31 33 35 36 39 41 45 46 47 51 53 56 61 64 65 68 70 71 72 73 74 75 77 79 83 86 87 88 89 90 91 92 98 100 101 104 110 112 113 115 122 124 126 127 130 133 134 135 136 138 139 141 145 147 152 153 154 159 162 163 164 165 166 167 169 173 174 175 179 180 181 183 185 186 187 190 191 192 193 194 200
4 7 13 18 19 21 23 24 27 32 36 39 40 41 42 46 50 54 55 57 61 62 63 67 71 72 73 74 76 77 78 82 84 86 87 89 93 94 95 96 102 105 106 109 110 111 113 114 118 122 125 128 131 133 134 135 136 137 138 140 141 148 149 152 154 157 159 160 165 168 170 171 176 184 185 187 188 189 190 192 200
1 2 3 5 7 8 10 14 24 26 30 31 33 34 40 42 44 47 48 49 50 51 53 55 56 57 59 61 62 64 68 69 72 73 74 78 79 80 82 86 87 89 91 92 93 95 99 103 104 105 107 108 110 113 115 116 118 120 121 123 125 126 127 133 136 137 138 144 145 146 149 150 151 154 155 156 158 161 163 167 170 171 172 173 174 175 179 180 183 184 186 189 192 193 200
1 2 4 6 7 12 13 16 17 20 22 23 24 25 28 29 30 32 33 34 37 38 39 40 41 42 43 44 46 47 48 49 50 51 52 53 56 58 59 60 61 62 63 64 65 66 67 68 69 70 71 72 74 75 76 78 79 81 83 84 85 86 87 88 90 91 93 94 95 96 98 99 101 102 103 104 105 106 107 108 110 111 112 113 115 117 118 119 120 123 124 127 128 129 130 131 133 134 135 136 140 141 142 144 145 146 147 148 149 153 157 158 159 161 162 163 164 167 168 170 172 174 175 176 177 178 179 181 182 183 184 185 186 187 189 190 191 192 194 195 198 200
1 2 3 4 5 6 7 8 9 10 11 12 14 15 16 17 18 19 20 21 22 23 24 25 26 27 28 29 30 31 32 33 34 36 37 38 39 40 41 43 44 45 46 47 48 49 50 51 52 53 54 55 56 57 58 60 61 62 63 64 65 66 67 69 70 71 72 73 74 75 76 77 78 79 80 81 82 83 84 85 86 87 88 89 90 91 92 93 94 95 96 97 98 99 100 101 102 103 104 105 106 107 108 109 112 113 114 115 116 117 118 119 120 121 122 124 125 126 127 128 129 131 132 133 134 135 137 138 139 140 141 142 143 144 145 146 147 148 149 150 151 152 153 154 155 156 157 158 159 160 161 162 163 164 165 166 167 168 169 170 171 172 173 174 175 176 177 178 179 180 181 182 183 184 185 186 187 188 189 190 191 192 193 194 195 196 197 198 199 200
128 130 3 4 5 136 137 10 139 11 9 143 17 145 19 149 23 25 154 155 29 159 160 32 34 36 165 38 167 40 42 173 46 176 50 178 180 181 54 56 59 188 189 62 63 64 192 191 65 66 196 70 69 73 74 76 100 106 107 110 111 118 126
128 138 19 20 22 23 24 25 26 151 156 30 158 159 161 34 167 176 180 182 54 185 58 190 65 197 77 78 81 84 92 93 94 98 99 101 102 116 125 127
129 130 2 4 3 5 132 131 9 10 140 142 143 16 18 19 148 20 150 151 24 22 21 26 159 160 33 34 162 32 38 42 44 174 177 50 178 52 181 54 183 185 60 188 189 193 196 197 198 71 199 75 80 82 87 88 91 93 94 105 106 107 115 117 122 125
1 2 3 4 5 7 8 10 11 12 14 15 16 17 18 19 20 21 22 23 24 26 27 28 30 31 32 33 35 36 37 38 40 41 42 43 45 46 47 48 49 50 51 54 55 56 57 58 59 61 62 63 64 65 66 67 68 69 70 73 74 75 76 77 79 80 82 85 86 89 92 93 94 95 96 97 98 99 100 101 104 106 107 108 110 111 112 113 114 116 118 120 121 124 125 127 130 131 132 133 134 138 139 140 141 143 144 145 147 149 150 151 154 155 156 158 159 160 161 163 164 166 167 169 170 171 173 175 176 177 178 179 181 182 183 189 191 192 194 196 197 198 200
1 2 3 7 11 13 23 24 25 26 27 28 33 34 36 39 40 41 42 46 49 57 58 59 60 61 63 64 66 67 69 71 73 79 80 82 86 87 89 95 97 98 102 103 105 118 119 120 124 128 129 130 134 136 137 139 141 142 145 147 148 151 161 163 169 171 175 176 177 181 184 186 190 192 195 198 199
1 5 7 10 11 14 15 16 17 18 19 20 23 24 28 31 32 34 36 38 39 41 43 44 45 48 50 52 59 61 62 65 66 67 68 69 71 74 77 78 79 80 85 87 88 91 92 93 99 101 103 106 107 109 110 111 116 117 118 119 120 122 123 126 129 130 131 132 133 134 135 137 140 141 143 144 146 148 150 154 158 159 164 167 170 171 173 175 181 182 183 188 189 191 192 193 195 200
1 98 9 140 77 60 79 111 179 181 119 183 92
4 5 7 11 12 13 14 15 19 20 21 24 25 28 30 32 33 34 35 40 41 44 45 46 47 51 52 55 60 61 62 63 66 67 68 69 72 73 74 77 83 84 86 90 91 92 93 95 96 99 101 106 107 112 114 116 118 121 122 123 125 126 127 129 130 133 134 137 139 141 142 143 145 146 147 148 149 151 153 154 156 160 162 163 164 165 166 171 172 173 174 176 177 178 182 183 187 188 191 192 196 199
1 3 4 5 6 7 8 10 12 13 14 16 18 19 20 21 22 25 26 27 29 30 31 33 35 36 41 42 43 45 46 47 48 50 52 53 54 56 57 58 59 61 62 63 66 67 69 71 73 77 79 80 82 86 87 88 89 90 93 94 95 97 98 99 103 105 107 108 109 112 113 114 115 117 120 121 124 126 128 129 130 131 135 136 137 138 140 143 144 147 148 149 150 153 156 157 158 160 161 162 163 164 165 166 168 169 170 171 172 173 174 176 177 178 184 185 186 187 190 191 192 194 195 196 197 198 199
4 5 6 7 10 12 16 17 20 22 23 24 26 28 30 37 40 41 42 46 47 50 51 55 58 59 61 63 68 73 74 76 77 84 85 90 91 92 93 96 101 105 106 108 114 116 118 119 121 123 126 134 136 138 143 144 145 146 147 148 152 159 160 161 164 168 173 177 179 180 182 183 189 190 191 197 198 200
1 2 3 4 5 6 7 8 9 10 11 12 13 14 15 16 17 18 19 20 21 22 23 24 25 26 27 28 29 31 32 33 34 36 37 38 39 40 41 42 43 44 45 46 47 48 49 50 51 52 53 54 55 56 57 58 59 60 61 62 63 64 65 67 68 69 70 71 72 73 74 75 76 77 78 79 80 81 82 83 84 85 86 87 88 89 90 91 92 93 94 96 97 99 100 101 102 103 104 105 106 107 108 109 110 113 114 115 117 119 120 121 122 123 124 125 126 127 128 129 130 131 133 134 135 137 138 139 140 141 142 143 144 145 147 148 149 150 151 152 153 154 155 156 157 158 159 160 161 162 163 164 165 166 167 168 169 170 171 172 173 174 175 176 177 178 179 180 181 182 183 184 185 186 187 188 189 190 191 192 193 194 195 196 197 198 199
1 135 137 138 11 143 15 17 18 148 21 23 154 29 31 159 160 34 32 162 33 166 169 42 171 172 175 176 49 50 48 55 184 57 186 187 60 188 190 58 189 66 196 197 198 70 200 74 75 78 81 83 87 89 90 94 95 98 99 103 104 105 107 108 109 112 114 115 117 123 125 126 127
128 129 4 134 136 9 137 140 142 146 149 151 153 25 27 156 30 159 160 33 32 164 36 38 167 39 41 168 170 169 173 47 176 178 181 182 185 186 187 60 188 63 192 71 72 74 75 77 79 88 91 103 104 106 109 111 113 122 123 124 127
1 2 3 4 7 8 9 12 13 14 15 16 17 18 19 20 21 24 25 26 27 28 30 31 33 34 35 36 37 38 42 43 45 46 48 49 51 52 59 61 62 63 64 66 67 68 69 71 72 75 76 80 83 86 87 88 90 91 92 93 94 96 97 98 99 100 102 103 104 105 106 107 108 110 111 113 114 115 117 118 119 120 121 122 124 125 126 127 128 129 133 134 137 139 140 141 143 144 145 146 149 150 153 155 156 158 159 161 162 163 164 165 166 167 168 171 172 174 175 176 177 178 179 180 181 182 184 185 186 188 189 191 192 193 195 197 198
4 5 6 8 9 11 12 13 14 15 16 17 18 19 20 21 22 24 25 26 30 31 32 33 34 35 36 37 41 42 45 46 49 50 51 52 53 54 55 57 59 60 61 64 65 67 68 70 71 72 73 75 76 77 79 80 81 82 83 85 86 87 89 93 95 96 99 102 103 106 110 111 112 114 115 117 120 121 124 125 126 127 128 129 131 133 136 139 140 142 143 146 147 150 152 153 154 155 156 158 159 160 161 163 164 165 166 168 170 171 172 177 178 179 180 185 187 189 190 194 195 198 200
130 3 5 136 137 9 139 16 151 154 158 159 160 34 35 166 41 170 45 178 179 52 54 60 61 63 192 196 198 71 73 74 77 79 85 92 95 101 103 104 105 107 123 126
1 4 5 6 12 14 15 20 21 26 27 30 31 33 38 39 42 44 45 46 47 48 52 56 57 66 67 68 69 71 72 73 75 76 77 85 86 89 90 95 99 100 102 103 104 106 107 111 112 113 127 135 136 137 138 141 147 154 155 159 161 163 166 169 173 174 177 179 180 183 185 186 188 189 194 196 198
1 2 3 4 5 8 9 10 11 13 14 15 16 17 18 19 20 21 22 23 24 25 27 29 30 31 32 33 34 36 37 38 39 40 42 43 44 45 46 47 49 50 51 52 54 55 56 57 60 61 62 63 64 65 66 67 68 69 71 73 76 77 78 79 80 82 86 87 88 89 90 91 92 93 94 95 96 97 98 100 101 102 104 105 106 108 109 110 112 113 114 115 116 117 118 119 120 121 122 123 125 126 127 128 129 131 134 135 136 137 138 139 140 141 142 143 146 147 148 149 150 152 154 156 157 158 160 161 162 163 165 166 167 169 171 172 173 174 175 176 177 178 179 181 182 185 187 188 189 191 192 193 194 195 196 197 199 200
128 3 135 137 140 144 145 18 16 21 23 152 153 25 24 158 159 162 35 168 169 173 175 48 47 178 179 181 55 57 186 61 189 66 196 70 72 78 91 95 102 106 110 114 116 118 120 121 124 127
168 76 16 86 154 191
2 3 4 5 6 7 9 15 17 19 20 22 23 25 26 28 30 31 33 34 35 37 38 39 40 42 43 45 46 47 51 52 55 56 57 62 63 64 65 66 70 71 73 74 76 77 78 79 82 83 84 86 89 90 91 94 95 96 101 102 106 112 113 115 117 119 120 122 123 124 126 127 129 130 131 132 133 134 135 136 137 138 139 141 142 143 144 146 147 148 149 150 151 154 155 156 157 158 159 162 163 165 168 173 174 175 176 177 182 183 184 186 187 188 193 194 196 197 198 199 200
5 6 7 8 10 16 17 19 20 21 22 23 26 27 29 30 31 33 34 35 37 38 39 40 41 44 46 50 53 55 56 58 62 63 66 70 71 72 76 77 78 79 81 82 83 85 88 91 92 99 100 101 103 106 107 109 111 116 119 121 125 126 127 128 129 132 133 135 137 138 139 141 143 146 147 148 149 152 154 155 156 157 161 163 166 167 168 173 179 180 182 187 188 189 194 195 196 200
1 8 10 11 12 17 18 19 21 24 25 27 30 33 36 37 38 43 44 50 53 56 61 63 64 65 66 68 70 72 74 75 78 79 80 83 84 85 86 88 89 90 95 96 97 102 103 105 107 108 109 110 115 117 119 120 121 124 125 127 128 130 132 133 134 141 143 145 146 148 150 151 152 156 160 161 165 167 168 169 171 173 174 180 181 182 184 185 190 191 192 196 198
129 3 9 138 140 15 146 152 25 31 160 32 162 37 167 180 58 61 191 194 67 198 71 70 81 101 112 113 125
1 2 4 5 6 7 10 11 12 14 15 16 17 18 19 20 22 27 29 32 33 35 36 41 42 44 47 48 50 51 53 54 56 60 63 66 71 72 73 74 76 77 78 79 80 81 83 85 89 90 94 96 101 102 103 104 106 107 108 110 112 113 115 116 120 121 122 124 125 127 128 129 130 131 134 137 139 144 147 149 150 151 153 156 158 162 163 165 166 167 170 174 175 176 178 179 182 188 189 195 196 197 200
1 4 5 6 7 8 9 10 12 13 14 15 17 18 20 21 23 25 27 28 29 30 31 32 33 34 35 36 37 38 39 40 42 45 46 47 48 49 51 52 53 54 55 56 59 60 63 64 69 71 72 73 74 75 76 77 78 79 80 82 83 84 85 86 90 91 92 93 96 97 98 99 101 102 103 104 105 107 108 111 112 113 115 116 117 118 120 121 122 123 124 125 127 128 131 135 136 138 139 142 144 145 146 147 148 149 152 153 154 155 158 159 160 161 163 164 165 166 168 169 170 171 173 176 177 179 180 182 183 185 186 189 190 191 194 197 198 199 200
1 2 3 4 5 6 7 9 10 11 12 13 14 16 17 18 19 20 22 23 24 25 26 28 29 30 34 35 36 37 38 39 40 41 44 45 46 47 49 50 51 52 54 55 56 57 58 59 60 61 62 66 67 68 69 71 72 75 76 78 81 82 83 86 87 88 89 91 93 94 95 96 97 98 99 100 101 102 103 104 105 107 109 110 111 112 113 114 116 117 118 120 121 122 123 124 125 127 130 131 133 134 135 136 137 138 139 141 143 145 146 147 148 149 151 152 153 154 156 157 160 162 163 164 166 167 168 172 174 175 176 177 178 179 180 183 184 186 187 188 189 190 191 192 194 195 196 197 200
129 131 4 133 139 141 14 144 20 153 157 164 38 43 173 180 52 55 191 73 78 79 87 92 113
